,Loss_G,Loss_D,Loss_D_0
0,-0.09296943,6.902363,-0.14167973
1,-0.23396069,6.5576363,-0.21737486
2,-0.27041703,5.8312707,-0.31603783
3,-0.42155755,5.0822744,-0.42789045
4,-0.5795529,4.5476985,-0.51237714
5,-0.6321753,4.102488,-0.5763563
6,-0.88686097,3.2862263,-0.7271918
7,-1.2188182,2.948823,-0.81942654
8,-1.4554896,2.5807762,-0.9871093
9,-1.7498926,2.0152373,-1.2187102
10,-1.9490104,1.741913,-1.301302
11,-2.081521,1.4344392,-1.367331
12,-2.300902,1.3517208,-1.4582653
13,-2.5105515,1.258382,-1.6385665
14,-2.6260803,1.1027436,-1.7824829
15,-2.6709647,1.2001263,-1.7496928
16,-2.7017195,1.2003903,-1.769342
17,-2.660633,1.0889068,-1.8012438
18,-2.5739217,0.9099309,-1.8568417
19,-2.7050517,1.1455466,-1.7468235
20,-2.5517206,1.0141755,-1.7570082
21,-2.519339,1.0001767,-1.7236943
22,-2.5442662,1.0004735,-1.7125026
23,-2.564328,0.98148096,-1.7593668
24,-2.3957205,0.8675182,-1.6985759
25,-2.4961793,0.9866233,-1.6903608
26,-2.3764522,1.039403,-1.4940157
27,-1.9825838,0.63240266,-1.5641541
28,-2.09558,0.8835696,-1.4629233
29,-2.061189,0.8482069,-1.434402
30,-2.005705,0.78152597,-1.3861735
31,-1.9349082,0.7143729,-1.3899448
32,-1.7633827,0.7865871,-1.2124323
33,-1.6876117,0.70724815,-1.2200446
34,-1.5310975,0.53334165,-1.1986144
35,-1.439726,0.41660842,-1.1559743
36,-1.4539783,0.48651844,-1.1491191
37,-1.1914539,0.24120277,-1.1293535
38,-1.1842567,0.37498346,-0.96563894
39,-1.0635266,0.27931118,-0.9472213
40,-1.0601726,0.20954952,-1.0182211
41,-0.9143111,0.14239606,-0.9350631
42,-0.6694459,-0.18456969,-1.006892
43,-0.6183645,-0.03536681,-0.8514136
44,-0.44626486,-0.10339003,-0.71053773
45,-0.24047425,-0.44394135,-0.81695783
46,-0.20298262,-0.39652216,-0.7394986
47,0.054707475,-0.43102664,-0.5523809
48,0.19596484,-0.47924164,-0.46906984
49,0.45142972,-0.7929662,-0.4955577
50,0.6791477,-0.71760345,-0.2279994
51,0.72319937,-0.7454605,-0.23049468
52,1.1079402,-1.0503552,-0.12362144
53,1.1087263,-0.9392952,-0.012266081
54,1.1900759,-0.98403513,0.023452755
55,1.511687,-1.240126,0.08619311
56,1.5947412,-1.2676183,0.14816065
57,1.6786015,-1.1461121,0.24890998
58,1.8521241,-1.3274748,0.31820393
59,2.0299804,-1.5172219,0.28223327
60,2.168581,-1.5734463,0.33034876
61,2.1964111,-1.4973714,0.4464705
62,1.7902831,-1.1817005,0.31331944
63,2.0564926,-1.5121098,0.24635386
64,2.0157166,-1.2661908,0.35759503
65,1.9862177,-1.2387804,0.47541255
66,2.1062207,-1.3083566,0.4878473
67,1.9929456,-1.3569055,0.41379565
68,1.9494495,-1.3695806,0.40421316
69,1.9525464,-1.1926942,0.5629908
70,1.9249889,-1.1019248,0.6021898
71,2.055146,-1.2197361,0.5210714
72,2.0069451,-1.1851605,0.6420079
73,2.0327284,-1.2030158,0.5809885
74,1.9883162,-1.1528351,0.619339
75,1.8906932,-1.0984683,0.5674156
76,2.0119913,-1.1193253,0.68642306
77,2.2313914,-1.1190951,0.8305871
78,2.0357673,-1.0182378,0.81944025
79,2.1402755,-1.293883,0.63489836
80,2.1606333,-1.0960829,0.89051044
81,2.048872,-0.88509196,0.8707248
82,2.251813,-1.2490104,0.8164615
83,2.4683511,-1.4462552,0.76813006
84,2.3662353,-1.2502214,0.9270326
85,2.091933,-0.93733096,1.0116439
86,2.1147938,-0.8809078,0.983745
87,2.1636038,-0.9564425,1.0559261
88,1.9803842,-1.0548961,0.73538315
89,2.2849689,-1.2757852,0.838104
90,2.089346,-0.95001805,0.9488763
91,2.1738882,-1.013534,0.9247058
92,2.2923784,-1.0978478,0.9369929
93,2.312542,-1.2416208,0.8751324
94,2.2270935,-1.0456632,0.9680903
95,2.4033275,-1.346237,0.8623091
96,2.2784352,-1.016303,0.9358854
97,2.2570953,-0.95045495,1.0599992
98,2.484868,-1.3524058,0.9433068
99,2.5373216,-1.3385139,1.046077
100,2.2294507,-0.98139644,1.0263152
101,2.3575542,-1.0965556,1.0752405
102,2.6979737,-1.2754822,1.0782847
103,2.2853494,-1.1006029,1.0362895
104,2.6622667,-1.2110758,1.2199411
105,2.6441965,-1.3691766,1.058145
106,2.6364985,-1.0305996,1.3730577
107,2.7570457,-1.1321206,1.4127458
108,2.8075123,-1.2205659,1.3966845
109,2.7786102,-0.9681397,1.6030219
110,2.7522283,-0.8873519,1.540182
111,2.7208138,-0.8691609,1.5993568
112,2.8091512,-0.9005722,1.7295856
113,2.9189894,-1.1183479,1.5843575
114,3.0913415,-1.0877736,1.8415728
115,3.0393572,-1.1218216,1.696694
116,2.8179643,-0.81650335,1.791298
117,3.0754533,-1.1030754,1.7080679
118,2.8280554,-1.0355644,1.5619023
119,2.8666968,-1.0689744,1.5286715
120,3.021449,-1.3020855,1.5010215
121,2.861855,-1.1612685,1.4855785
122,2.648806,-0.77479327,1.6507647
123,2.7528276,-1.2165822,1.3677156
124,2.5652666,-0.7868632,1.5731351
125,2.513861,-0.66496897,1.4879571
126,2.7085314,-1.1382147,1.3459445
127,2.449041,-0.7292519,1.5602324
128,2.6231284,-0.90839946,1.5421319
129,2.6523333,-0.9290949,1.4454429
130,2.3868942,-0.71781003,1.4467057
131,2.805027,-1.0248926,1.5887115
132,2.7292519,-0.8379066,1.6860662
133,2.7261782,-0.80633515,1.7396151
134,2.6427617,-0.6258874,1.7896214
135,2.676456,-0.49940857,1.9734272
136,2.569621,-0.6085039,1.7111909
137,2.8214788,-0.7840555,1.8829644
138,2.6412063,-0.8016331,1.6827985
139,2.6561284,-0.87952507,1.5812852
140,2.5818124,-0.89881337,1.5053151
141,2.5716553,-0.8891672,1.4500163
142,2.586649,-0.750401,1.6607647
143,2.2834902,-0.6151137,1.5225241
144,2.4529321,-0.5809006,1.6697464
145,2.5007875,-0.7581927,1.5897186
146,2.5553598,-0.84748155,1.529874
147,2.5018644,-0.8565209,1.4541359
148,2.5442402,-0.7369336,1.5917361
149,2.4828486,-0.69424343,1.580574
150,2.5653448,-0.77151334,1.6114936
151,2.5322042,-0.6019389,1.718507
152,2.5238357,-0.31505838,1.8696902
153,2.6227949,-0.74867016,1.7094152
154,2.6273506,-0.76178,1.6975365
155,2.6015778,-0.8513489,1.5532182
156,2.4455657,-0.58073974,1.6698267
157,2.3660693,-0.5781031,1.6380532
158,2.3306475,-0.75281525,1.4416871
159,2.2202377,-0.29322928,1.6726071
160,2.1227155,-0.538694,1.4431779
161,2.3283892,-0.6309248,1.4348366
162,2.1562853,-0.32473674,1.6291904
163,2.193039,-0.3757108,1.7086122
164,2.5575576,-0.77389884,1.5843551
165,2.392693,-0.7562983,1.5322764
166,2.336372,-0.42628384,1.7310678
167,2.2327824,-0.49854746,1.6070855
168,2.3648891,-0.5544942,1.5943779
169,2.3247986,-0.55814946,1.5806746
170,2.2591197,-0.64462787,1.5195162
171,2.2633057,-0.50831103,1.5655172
172,2.3726282,-0.69597,1.5345502
173,2.245944,-0.60033303,1.3991575
174,2.2723246,-0.40205377,1.6241431
175,2.4117274,-0.5946198,1.6614916
176,2.2317915,-0.4616142,1.5634685
177,2.2160225,-0.3848735,1.6581504
178,2.2969346,-0.57241094,1.5462298
179,2.3891168,-0.5874241,1.6574414
180,2.2842078,-0.46094364,1.7118831
181,2.4719076,-0.6556711,1.7143352
182,2.2332711,-0.4557546,1.5583065
183,2.0637121,-0.37002277,1.5398377
184,2.09478,-0.5908514,1.3583984
185,2.0563807,-0.5075343,1.4113307
186,1.7134883,-0.26609838,1.2260919
187,2.0404086,-0.52684146,1.3959862
188,1.8769829,-0.3235096,1.3712866
189,1.8058193,-0.509592,1.160677
190,1.8606305,-0.2977578,1.3440661
191,1.7925498,-0.48960954,1.1242372
192,1.8413415,-0.45918983,1.1481481
193,2.0198731,-0.31293136,1.4401736
194,2.16749,-0.4844502,1.5495021
195,2.241677,-0.48124173,1.5591962
196,2.157844,-0.4994239,1.5193748
197,2.0385146,-0.55132437,1.3096225
198,2.0190651,-0.40640146,1.4431849
199,1.9831675,-0.53759766,1.2861362
200,1.9005775,-0.4566841,1.2848583
201,1.7122872,-0.4324509,1.1055036
202,2.0338879,-0.705853,1.1587055
203,1.8385506,-0.39759338,1.2648399
204,2.0700934,-0.60659266,1.2995045
205,1.9135022,-0.2362113,1.4809964
206,2.0251894,-0.5859956,1.2961031
207,1.9972394,-0.50750744,1.3318093
208,1.8215511,-0.24028899,1.3074741
209,1.8519279,-0.6357882,1.0666262
210,1.6534357,-0.37156272,1.1186923
211,1.6454844,-0.41999656,1.0740976
212,1.7178893,-0.36394873,1.1763899
213,1.4899414,-0.1561994,1.1935042
214,1.93116,-0.6891304,1.0126275
215,1.6293273,-0.36701775,1.1543466
216,1.8066523,-0.5463237,1.1114662
217,1.7120268,-0.41884127,1.0249171
218,1.7651309,-0.34000322,1.2289293
219,1.5913666,-0.43738496,1.0341563
220,1.5074865,-0.13416594,1.2197301
221,1.819283,-0.57155645,1.0650084
222,1.7629634,-0.5165099,1.0351564
223,1.5575883,-0.45887583,0.92659926
224,1.588026,-0.40463138,1.0708113
225,1.6129954,-0.33978906,1.1060325
226,1.6801217,-0.52662385,0.9785467
227,1.8353463,-0.53264296,1.1423073
228,1.6244795,-0.46735737,1.0071695
229,1.4934312,-0.22342212,1.0131705
230,1.5187747,-0.39486042,0.9809817
231,1.4752513,-0.3816622,0.92718446
232,1.5802169,-0.56477964,0.8751358
233,1.4260459,-0.43419176,0.87066734
234,1.3700147,-0.25499743,0.91687083
235,1.288462,-0.24691819,0.85391694
236,1.3983793,-0.43094033,0.83033204
237,1.3638089,-0.3552065,0.8650876
238,1.4187455,-0.51014423,0.7573137
239,1.2606041,-0.36851567,0.6888833
240,1.4233179,-0.5480231,0.77787447
241,1.3136289,-0.2317955,0.90243536
242,1.4223042,-0.45483613,0.7643906
243,1.4342986,-0.42747092,0.801003
244,1.3821546,-0.37059084,0.8728522
245,1.2200584,-0.21751162,0.84334254
246,1.1788597,-0.21820351,0.7849785
247,1.5035532,-0.5157931,0.77481973
248,0.88051754,0.020250447,0.6966541
249,1.1254739,-0.3207054,0.65628684
250,1.2852708,-0.28305462,0.83268607
251,1.0466027,-0.22583528,0.5451789
252,1.0613573,-0.49625295,0.40348682
253,0.8183107,-0.028315753,0.5157072
254,1.0040054,-0.21031225,0.6397767
255,1.0617678,-0.11354575,0.7190256
256,1.1254212,-0.116587475,0.87817633
257,1.0546011,-0.059762433,0.89107263
258,1.2956895,-0.4395424,0.6857718
259,1.1281285,-0.20175268,0.7279161
260,1.0225742,-0.104883954,0.7105582
261,1.0489163,-0.28990108,0.5838714
262,1.2107368,-0.36073804,0.70261693
263,1.2677395,-0.23847431,0.8907647
264,1.0348811,-0.08792533,0.7675522
265,1.1214082,-0.33040977,0.67302525
266,0.9810729,-0.41117847,0.43524754
267,0.72036076,-0.22097456,0.33607626
268,0.4963634,-0.04291022,0.27161926
269,0.6504197,-0.1999698,0.24576898
270,0.83145756,-0.33601105,0.29921982
271,0.93182814,-0.22307031,0.4118675
272,0.8688495,-0.41458717,0.30198663
273,0.7237781,-0.04314451,0.51616883
274,1.0345749,-0.3230173,0.53092766
275,0.8872531,-0.22743341,0.45287195
276,0.8721895,-0.32289588,0.3880005
277,0.87648296,-0.3440559,0.3679917
278,0.8902367,-0.24396044,0.49720037
279,0.82825804,-0.37910253,0.3122206
280,0.6884693,-0.28511217,0.2520897
281,0.657048,-0.30828005,0.15595773
282,0.5945248,-0.19329372,0.18692517
283,0.4657364,-0.083063126,0.26944432
284,0.48849958,-0.08840459,0.24226862
285,0.5688549,-0.17459013,0.17099032
286,0.5035606,-0.21597943,0.13030861
287,0.8354199,-0.32684496,0.3034374
288,0.56705683,-0.12732589,0.3019935
289,0.6000011,-0.3165618,0.113147855
290,0.53673923,-0.35275245,0.0038538575
291,0.81624186,-0.48689437,0.18622041
292,0.5680487,-0.5133034,-0.114168435
293,0.50943345,-0.27887526,0.052786693
294,0.41560686,-0.4555805,-0.22722411
295,0.29035652,0.09476441,0.16728787
296,0.44772023,-0.1787991,0.07581824
297,0.5581515,-0.3718843,-0.01108747
298,0.5285684,-0.3148923,0.06801185
299,0.6157782,-0.17233098,0.21577924
300,0.71539813,-0.13968869,0.31515902
301,0.64350253,-0.14994887,0.29892942
302,0.25613338,0.059811667,0.1744872
303,0.50751424,-0.29151374,-0.0092691295
304,-0.06705746,0.12792951,-0.11279949
305,0.007483337,0.13824792,-0.072911
306,-0.056335147,-0.32532725,-0.53187585
307,-0.09145799,-0.052778132,-0.27232748
308,0.08252905,-0.32274354,-0.42129532
309,0.26655483,-0.51608944,-0.42913467
310,0.41072556,-0.3680609,-0.11776824
311,0.2952261,-0.481225,-0.323621
312,0.10814896,-0.19111605,-0.1880082
313,0.3236646,-0.15081361,-0.061263613
314,0.28173363,-0.2841612,-0.18092386
315,0.18743563,-0.1853272,-0.19355784
316,0.11911609,-0.31685653,-0.3645363
317,0.18726337,-0.2935081,-0.24805677
318,0.42617303,-0.54854804,-0.2996884
319,0.06741077,-0.097319454,-0.18772957
320,-0.09136897,-0.15919684,-0.5099274
321,0.015442919,-0.022842042,-0.2226517
322,0.077070594,-0.25036627,-0.3184051
323,0.24272254,-0.8698131,-0.78456247
324,-0.17825317,-0.13942249,-0.4784174
325,-0.08522972,-0.40667173,-0.64255154
326,-0.24322122,0.08800788,-0.37806213
327,-0.027244542,-0.31316847,-0.49789447
328,-0.15653238,-0.3742388,-0.71983695
329,-0.035532866,-0.22021821,-0.5054112
330,-0.16155538,-0.21832955,-0.6054058
331,-0.5074325,-0.14951503,-0.84068716
332,-0.2431995,-0.17398226,-0.5544783
333,-0.34559494,0.051631123,-0.50599194
334,-0.28444666,-0.13849829,-0.62026477
335,-0.035728842,-0.46116924,-0.684026
336,-0.1987914,-0.06982508,-0.42068672
337,-0.04712937,-0.21724364,-0.46817893
338,-0.28901404,-0.3225908,-0.800307
339,-0.36648583,-0.2285723,-0.8092923
340,-0.058526315,-0.38459218,-0.65917826
341,-0.14216262,-0.33963138,-0.59961987
342,-0.33576608,-0.004387766,-0.591298
343,-0.13289955,-0.3413739,-0.67405194
344,-0.27461356,-0.1765044,-0.6101289
345,-0.30543005,-0.58471864,-1.1297365
346,-0.48897272,-0.30906993,-1.0078056
347,-0.76475596,0.020642146,-0.943299
348,-0.5729361,-0.13756609,-0.8513072
349,-0.2788389,-0.4179053,-0.9582807
350,-0.48420537,-0.49943274,-1.2920177
351,-0.5626866,-0.400182,-1.2107925
352,-0.7154752,0.021232694,-0.8808187
353,-0.35820544,-0.46179038,-1.0381088
354,-0.59538233,-0.050014064,-0.8836373
355,-0.59204084,-0.03347323,-0.8209171
356,-0.36851388,0.01994571,-0.6795101
357,-0.32323432,-0.44120145,-1.060273
358,-0.41773707,-0.35290885,-0.9655028
359,-0.71478367,-0.7213042,-1.6420524
360,-0.8545317,-0.3935274,-1.4472287
361,-0.7627511,-0.43222237,-1.4565573
362,-0.79273343,-0.22453035,-1.2786317
363,-0.5788702,-0.4451493,-1.2473755
364,-0.66500497,-0.103136584,-1.0601232
365,-0.5394357,-0.51621675,-1.1785579
366,-0.27953905,-0.75743115,-1.2482347
367,-0.73885185,-0.0059217215,-1.0302508
368,-0.71057606,-0.39134157,-1.351335
369,-0.7690444,-0.35180718,-1.3112012
370,-0.64059937,-0.61378914,-1.4681249
371,-0.69104207,-0.59694993,-1.4612943
372,-0.76969177,-0.43155062,-1.3755188
373,-0.90845424,-0.32517424,-1.5183811
374,-0.8371427,-0.4922853,-1.5156872
375,-0.68479896,-0.5055851,-1.365315
376,-0.85229295,-0.24146189,-1.4066514
377,-0.805977,-0.3893635,-1.3513845
378,-0.8315485,-0.23371509,-1.3251681
379,-0.90752125,-0.5887301,-1.7503242
380,-1.1348033,-0.34457612,-1.7235321
381,-0.9292528,-0.38086605,-1.5823069
382,-0.93162894,-0.17352614,-1.3398292
383,-1.1787186,-0.24706128,-1.7062539
384,-0.9475824,-0.42604643,-1.5908964
385,-1.1547999,-0.34862864,-1.6445072
386,-0.62778246,-0.8049921,-1.6644549
387,-0.9433195,-0.41303492,-1.6973739
388,-1.1720142,-0.3790372,-1.8421857
389,-1.3009788,-0.3911835,-1.9077325
390,-1.2155633,-0.549365,-1.916288
391,-1.2784157,0.074199855,-1.5388589
392,-1.0427936,-0.49155116,-1.7367997
393,-1.1413839,-0.2981072,-1.7115304
394,-1.0093374,-0.52643096,-1.7382488
395,-1.0196631,-0.52198565,-1.8327196
396,-1.2757215,-0.23100929,-1.80399
397,-1.0463699,-0.4124556,-1.7759069
398,-1.0213282,-0.5399768,-1.7931819
399,-1.239516,-0.24672359,-1.7328444
400,-1.1987383,-0.31896913,-1.7310605
401,-1.3609,-0.21693406,-1.840952
402,-1.2163424,-0.6756723,-2.1477475
403,-1.1039376,-0.85988444,-2.180269
404,-1.33376,-0.38706532,-1.956505
405,-1.3629327,-0.28250837,-1.8847084
406,-1.4780805,-0.16926444,-1.9154961
407,-1.7817405,0.16899262,-1.8512821
408,-1.6183562,-0.16629817,-2.02312
409,-1.556781,-0.49484715,-2.2523608
410,-1.5113176,-0.6128284,-2.2857552
411,-1.6331592,-0.2885285,-2.2166753
412,-1.4186044,-0.50365365,-2.1737707
413,-1.5438282,-0.48662126,-2.2844968
414,-1.2887821,-0.79525536,-2.2547174
415,-1.4489733,-0.5423297,-2.2022977
416,-1.6753104,-0.39240238,-2.2306323
417,-1.5454721,-0.42539328,-2.214222
418,-1.5729482,-0.4305454,-2.2333982
419,-1.7487001,-0.14472325,-2.0861597
420,-1.6550834,-0.41856414,-2.4077928
421,-1.5628191,-0.5427805,-2.3446822
422,-1.4195752,-0.436236,-2.0085764
423,-1.5873054,-0.48269463,-2.3030822
424,-1.793781,-0.46346855,-2.6174264
425,-1.7690952,-0.2419588,-2.275474
426,-1.3693602,-0.7353997,-2.3483431
427,-1.6470939,-0.351277,-2.1907806
428,-1.8863868,-0.12287493,-2.3128288
429,-1.6762515,-0.3834184,-2.4140046
430,-1.9615086,-0.2594677,-2.5491376
431,-1.5323697,-0.65027666,-2.464118
432,-1.7215822,-0.39916593,-2.4284449
433,-1.8691808,-0.49533257,-2.5645678
434,-1.9665926,-0.27221018,-2.4964056
435,-1.8203752,-0.4743569,-2.5189586
436,-1.9998622,-0.3938675,-2.6612186
437,-1.6731591,-0.53654504,-2.5099072
438,-1.6475435,-0.59557176,-2.4003806
439,-1.6464309,-0.47337437,-2.3977158
440,-2.067823,-0.31979567,-2.6546457
441,-1.8952143,-0.25113812,-2.436843
442,-1.6488569,-0.5582087,-2.3942838
443,-1.7781823,-0.7236699,-2.7005215
444,-1.7824492,-0.3974675,-2.3643155
445,-1.8096724,-0.43027672,-2.4430966
446,-1.9017785,-0.3016335,-2.483491
447,-1.685339,-0.5184525,-2.46903
448,-1.9164095,-0.5551373,-2.7811007
449,-2.121408,-0.5168205,-2.8866687
450,-1.9355671,-0.831499,-3.0191278
451,-1.8874414,-0.682665,-2.7845938
452,-2.1312184,-0.4213776,-2.83219
453,-1.896557,-0.52417314,-2.8875096
454,-1.956686,-0.52075434,-2.8133893
455,-1.8739486,-0.58401126,-2.7150047
456,-1.8543799,-0.4958892,-2.6942863
457,-1.8648105,-0.7931603,-3.0476718
458,-1.7579067,-0.57433355,-2.567408
459,-1.9735584,-0.58672756,-2.9184036
460,-1.8880712,-0.6328924,-2.8482442
461,-2.0052752,-0.72033006,-2.969891
462,-2.2424355,-0.39244452,-2.9639053
463,-2.062788,-0.9326557,-3.2602592
464,-2.2267423,-0.6217128,-3.09648
465,-2.1284742,-0.7101967,-3.0660748
466,-2.421669,-0.013386309,-2.7465549
467,-2.2449403,-0.3889065,-2.9636848
468,-2.0549679,-0.40006053,-2.6754103
469,-1.8903031,-0.71959335,-2.8636405
470,-2.018177,-0.33393478,-2.629206
471,-2.228837,-0.21676135,-2.7686782
472,-2.072132,-0.23944014,-2.7307875
473,-2.092065,-0.65217495,-3.0880704
474,-2.071097,-0.67755836,-3.0624933
475,-2.428269,-0.35903674,-3.0970392
476,-2.1665425,-0.63458025,-3.0105572
477,-2.221383,-0.56087726,-3.0796394
478,-2.3937912,-0.5778842,-3.1640873
479,-2.1279044,-0.5222764,-2.9168625
480,-2.3931987,-0.43336344,-3.1881185
481,-2.0626814,-0.6147461,-2.9645448
482,-2.380724,-0.6956327,-3.2263594
483,-2.2079754,-0.933388,-3.4218616
484,-2.607687,-0.24503605,-3.173667
485,-1.9491701,-0.8404473,-3.085854
486,-2.1226206,-0.21074969,-2.6563919
487,-2.1501474,-0.55540603,-2.9472547
488,-2.1452866,-0.6517489,-3.0343971
489,-2.1740742,-0.44258887,-2.8884425
490,-2.104423,-0.6430954,-3.0438166
491,-2.3153834,-0.55509174,-3.1707144
492,-2.5812736,-0.24440858,-3.2003975
493,-2.3349812,-0.2609049,-2.920609
494,-2.4363818,-0.36267483,-3.0924993
495,-2.1651874,-0.5518729,-3.126196
496,-2.2271824,-0.6423519,-3.0365806
497,-2.1427572,-0.8121377,-3.3473308
498,-2.6215944,-0.08310496,-2.9703364
499,-2.0926733,-0.8888369,-3.251093
500,-2.278046,-0.7210291,-3.2205558
501,-2.31714,-0.655089,-3.299377
502,-2.4765716,-0.9739466,-3.714224
503,-2.5964704,-0.55712205,-3.4022846
504,-2.5502708,-0.7810738,-3.6166098
505,-2.6378517,-0.41383377,-3.503646
506,-2.6506605,-0.47709915,-3.3648465
507,-2.4614978,-0.73598045,-3.5514903
508,-2.4792883,-0.66158926,-3.344606
509,-2.5690851,-0.6056613,-3.4636073
510,-2.2903323,-0.72480965,-3.2475286
511,-2.3156328,-0.65357447,-3.174837
512,-2.2775924,-0.36357185,-3.014501
513,-2.126357,-0.78632253,-3.141368
514,-2.3248901,-0.76390886,-3.3651376
515,-2.5343022,-0.8502369,-3.604145
516,-2.4980452,-0.5275926,-3.3424947
517,-2.0693521,-0.6956597,-3.0048041
518,-2.2276564,-0.57239544,-3.0528836
519,-2.3194776,-0.47183046,-3.1677094
520,-2.2111712,-0.8495779,-3.3490038
521,-2.270682,-0.684326,-3.2468705
522,-2.3802865,-0.58105505,-3.2305012
523,-2.4259987,-0.20638353,-2.9650369
524,-2.3417616,-0.7075602,-3.3667238
525,-2.5186362,-0.46962804,-3.265174
526,-2.3897407,-0.78458154,-3.4251459
527,-2.6078746,-0.32056057,-3.2301183
528,-2.585617,-0.4618912,-3.233863
529,-2.5815787,-0.53288865,-3.3521624
530,-2.4368172,-0.67360544,-3.361917
531,-2.4527407,-0.9823679,-3.6955476
532,-2.3963754,-0.7846041,-3.5123312
533,-2.5834115,-0.5463942,-3.3761582
534,-2.3168943,-0.5817871,-3.1592617
535,-2.590451,-0.48009107,-3.336606
536,-2.7653666,-0.36691093,-3.428679
537,-2.570838,-0.44562644,-3.258617
538,-2.3354983,-0.73446745,-3.3097913
539,-2.5192947,-0.29402292,-3.1679456
540,-2.7392602,-0.21086398,-3.292058
541,-2.497346,-0.4448722,-3.1514308
542,-2.2898223,-1.0290922,-3.6042027
543,-2.2465196,-0.8531861,-3.322022
544,-2.3994036,-0.79382,-3.562359
545,-2.3536372,-0.7438818,-3.3752446
546,-2.6419759,-0.50222856,-3.5849838
547,-2.5628,-0.5300364,-3.4373913
548,-2.7292988,-0.57796466,-3.5717497
549,-2.386932,-0.7500206,-3.5079842
550,-2.2678137,-0.83789784,-3.4021766
551,-2.5692294,-1.0383792,-3.7908385
552,-2.4100351,-0.6824008,-3.524013
553,-2.4536579,-1.1207563,-3.7752535
554,-2.9717515,-0.5438684,-3.9130948
555,-2.6996388,-0.49944472,-3.4920468
556,-2.5357919,-0.42441684,-3.1761537
557,-2.4740071,-0.65319103,-3.4445086
558,-2.6279762,-0.5614275,-3.4467795
559,-2.6424994,-0.18613006,-3.359258
560,-2.6800096,-0.3656663,-3.273192
561,-2.7042212,-0.41784424,-3.3552349
562,-2.4505231,-0.74981767,-3.4534678
563,-2.6837604,-0.58088934,-3.5800922
564,-2.5189986,-0.71482337,-3.4499865
565,-2.7169027,-0.5397421,-3.5168762
566,-2.8298554,-0.47189885,-3.6260977
567,-2.6527803,-0.5205134,-3.4980264
568,-2.7073085,-0.57011306,-3.5519366
569,-2.7618895,-0.71602744,-3.7332983
570,-2.7823257,-0.44835076,-3.5166674
571,-2.7466183,-0.5649451,-3.502614
572,-2.4671671,-0.84108645,-3.6789985
573,-2.5264876,-0.6052589,-3.4591131
574,-2.6337104,-0.6862908,-3.5704198
575,-2.4425411,-0.17154577,-3.1371136
576,-2.5469122,-0.62118924,-3.4353998
577,-2.2129955,-0.8612257,-3.3664424
578,-2.633357,-0.39021185,-3.3358743
579,-2.4727907,-1.0111699,-3.771637
580,-2.7461028,-0.7728431,-3.8159077
581,-2.801399,-0.83381593,-3.8100052
582,-2.9916058,-0.21702877,-3.5224607
583,-2.5213013,-0.7113277,-3.5023952
584,-2.543212,-0.47713742,-3.3410137
585,-2.5904229,-0.6001346,-3.4103897
586,-2.9205403,-0.62557316,-3.7466507
587,-2.520047,-0.95417345,-3.703154
588,-2.5910776,-0.8235732,-3.6636655
589,-2.752853,-0.69111246,-3.654461
590,-2.8601384,-0.2882421,-3.4723697
591,-2.6184492,-0.9719825,-3.778378
592,-2.9230757,-0.21335754,-3.506889
593,-2.8001156,-0.3879286,-3.4666085
594,-2.797566,-0.62396,-3.6491814
595,-2.6533422,-0.7758174,-3.7312164
596,-2.568911,-0.6152797,-3.5027137
597,-2.3059525,-0.704999,-3.274758
598,-2.3624907,-0.92041844,-3.505118
599,-2.5324788,-0.57712907,-3.4242165
600,-2.845408,-0.25591633,-3.3344333
601,-3.0609212,-0.062092185,-3.6205277
602,-2.6802907,-0.7087369,-3.6503904
603,-2.755783,-0.7514969,-3.747507
604,-2.551066,-0.9791851,-3.7901912
605,-2.712038,-0.45632446,-3.4389508
606,-2.87506,-0.37481248,-3.5538073
607,-2.3726945,-0.8498621,-3.5499148
608,-2.7123675,-0.38242978,-3.4635453
609,-2.3383255,-1.1272327,-3.708696
610,-2.3868537,-0.9527998,-3.606938
611,-2.6165814,-0.8217579,-3.6828995
612,-2.5547197,-0.8171027,-3.7054036
613,-2.4966316,-0.5957435,-3.4549537
614,-2.3285503,-0.7791963,-3.4469008
615,-2.5919104,-0.7551066,-3.5647814
616,-2.6961036,-0.6035033,-3.552323
617,-2.4885404,-0.6520193,-3.4187534
618,-2.862712,-0.48752922,-3.6796489
619,-2.343974,-0.6480482,-3.271393
620,-2.987224,-0.3025325,-3.6421924
621,-2.512417,-0.63433355,-3.434468
622,-2.6267304,-0.5243502,-3.327051
623,-2.6822405,-0.4753546,-3.4697986
624,-2.946796,-0.5546653,-3.7502782
625,-2.6678684,-0.83055115,-3.7100627
626,-2.860623,-0.23136137,-3.4668841
627,-2.5186906,-0.6475602,-3.495793
628,-2.663066,-0.6484625,-3.5429554
629,-2.6009026,-0.51634014,-3.4255285
630,-2.5886755,-0.7916601,-3.6428428
631,-2.352836,-0.9634601,-3.5673034
632,-2.6735692,-0.50536907,-3.4413853
633,-2.7318215,-0.41656917,-3.3595
634,-2.652175,-0.5497402,-3.553957
635,-2.510027,-0.71928346,-3.6347764
636,-2.669382,-0.7633949,-3.7269
637,-2.464524,-0.51856655,-3.339202
638,-2.4434218,-0.55154353,-3.4205317
639,-2.6002545,-0.48304245,-3.5360653
640,-2.535793,-0.48906472,-3.3792706
641,-2.589029,-0.8522018,-3.7448223
642,-2.4774919,-0.7012273,-3.5822353
643,-2.795494,-0.49558082,-3.5685143
644,-2.7085366,-0.8786545,-3.8761334
645,-2.8076143,-0.81180465,-3.8361702
646,-2.5628204,-0.60360307,-3.439451
647,-2.5178404,-0.5137875,-3.3740447
648,-2.5904117,-0.62279147,-3.5386496
649,-2.481052,-0.8308433,-3.5803742
650,-2.3767428,-0.8049664,-3.4248219
651,-2.785399,-0.42225295,-3.3934958
652,-2.4782817,-0.7070687,-3.450301
653,-2.4257028,-1.069829,-3.7424338
654,-2.637618,-0.6152788,-3.5768974
655,-2.6657896,-0.6116996,-3.673886
656,-2.314375,-0.8349563,-3.4618962
657,-2.4353533,-0.41375872,-3.0880642
658,-2.8090973,-0.5449103,-3.687447
659,-2.6715164,-0.46674794,-3.4443822
660,-2.5628982,-0.68992317,-3.4828916
661,-2.5986762,-0.74551857,-3.5915575
662,-2.5182538,-0.6181085,-3.4684548
663,-2.6936653,-0.7578195,-3.709454
664,-2.567802,-0.9054533,-3.9234014
665,-2.5768518,-0.7156777,-3.5405445
666,-2.6823258,-0.60991573,-3.5956883
667,-2.4414167,-0.9369555,-3.5614622
668,-2.6714625,-0.66827655,-3.657506
669,-2.644805,-0.8400167,-3.7253222
670,-2.5511866,-0.944167,-3.7599792
671,-2.7284198,-0.5068165,-3.6105976
672,-2.410091,-0.6374922,-3.3277087
673,-2.4500403,-0.96959245,-3.6807632
674,-2.3904514,-0.86837614,-3.5437107
675,-2.6023524,-0.5892049,-3.3869247
676,-2.7023764,-0.80316746,-3.7638197
677,-2.7044487,-0.42839023,-3.5692701
678,-2.5581298,-0.48614565,-3.3357658
679,-2.5378256,-0.9039911,-3.7671828
680,-2.696286,-0.61167157,-3.5958862
681,-2.5729854,-0.5996615,-3.4000502
682,-2.4582686,-0.7196646,-3.3731642
683,-2.3554306,-0.71556747,-3.4708104
684,-2.5228996,-0.6150116,-3.543373
685,-2.4975905,-0.77694607,-3.6740384
686,-2.6631584,-0.42365783,-3.365361
687,-2.4339294,-0.9533669,-3.7140622
688,-2.7145498,-0.83756644,-3.766532
689,-2.8239396,-0.5388503,-3.6816778
690,-3.048409,-0.5038037,-3.8380454
691,-2.775403,-0.46810472,-3.508606
692,-2.8803377,-0.28649908,-3.5078487
693,-2.4861064,-0.7985258,-3.548883
694,-2.4673257,-0.635165,-3.497774
695,-2.6017447,-0.49155992,-3.3681135
696,-2.4210985,-0.60223556,-3.3946514
697,-2.3835123,-0.7741362,-3.418881
698,-2.520815,-0.76600003,-3.4662063
699,-2.7544513,-0.3748809,-3.3883464
700,-2.661085,-0.8110588,-3.7386837
701,-2.8249865,-0.6588115,-3.8594024
702,-2.9735584,-0.34905833,-3.6561575
703,-2.5263124,-0.80347925,-3.6756082
704,-2.8518643,-0.54932415,-3.690628
705,-2.9354062,-0.34144622,-3.6348658
706,-2.4898715,-0.7057531,-3.5238228
707,-2.7098947,-0.32914725,-3.23011
708,-2.354748,-0.5785105,-3.358416
709,-2.8126264,-0.4435778,-3.4247937
710,-2.7443147,-0.81104285,-3.8087726
711,-2.6767366,-0.6159836,-3.6313863
712,-2.6075363,-1.0758886,-4.004651
713,-2.7938905,-0.9258518,-3.9540417
714,-2.7284966,-0.22836979,-3.406461
715,-2.7889109,-0.5072913,-3.6481829
716,-2.723185,-0.43096527,-3.5211527
717,-2.6820436,-0.55231714,-3.4649217
718,-2.635373,-0.52858007,-3.5163522
719,-2.2795534,-1.0645474,-3.704616
720,-2.9042554,-0.2941771,-3.4379086
721,-2.9655564,-0.5651892,-3.871512
722,-2.6698167,-0.514132,-3.5382688
723,-2.779776,-0.39090925,-3.449192
724,-2.8207989,-0.6397109,-3.7392645
725,-2.8669057,-0.88792795,-4.056315
726,-2.8847592,-0.5396018,-3.6230707
727,-2.929874,-0.53249454,-3.7444649
728,-2.7634792,-0.64353037,-3.693314
729,-2.7930365,-0.79471207,-3.8252711
730,-2.5909925,-0.93733466,-3.77723
731,-2.7554848,-0.47059897,-3.5245402
732,-2.677776,-0.8914511,-3.9057784
733,-2.5043027,-0.7423458,-3.5514898
734,-2.6736517,-0.7175578,-3.6801848
735,-2.6292515,-0.88529956,-3.806252
736,-2.8106394,-0.38779503,-3.5024703
737,-3.0392356,-0.23652679,-3.7037222
738,-2.466086,-0.8358015,-3.5993414
739,-2.539256,-0.5967162,-3.4808192
740,-3.0474856,-0.39886793,-3.6987724
741,-2.5205193,-1.0007126,-3.6868925
742,-2.6116252,-0.6520196,-3.538672
743,-2.6945305,-0.9145781,-3.9785342
744,-2.8507233,-0.7330233,-3.9632487
745,-2.5673413,-0.85784984,-3.8838582
746,-2.5929832,-0.37585613,-3.3123894
747,-2.6369743,-0.5783808,-3.5188532
748,-2.5580053,-1.0335371,-3.8799841
749,-2.7926512,-0.55283,-3.6604168
750,-2.6300788,-0.6592399,-3.5353703
751,-2.4022613,-1.0419794,-3.8565545
752,-2.6545725,-0.8742435,-3.8110297
753,-2.6031384,-0.40409243,-3.351293
754,-2.4320936,-0.88030374,-3.5877151
755,-2.7096481,-0.5336386,-3.4721735
756,-2.8923247,-0.49854732,-3.6088715
757,-2.9197803,-0.40800068,-3.734936
758,-2.6114519,-0.98031616,-3.86558
759,-2.659514,-0.787979,-3.732264
760,-2.7255478,-0.60940737,-3.743024
761,-2.9229734,-0.54902065,-3.7149785
762,-2.7401876,-0.5353658,-3.666605
763,-2.690501,-0.47956622,-3.4553123
764,-2.4994588,-0.87403226,-3.770399
765,-2.6748333,-0.75484097,-3.804006
766,-2.6182685,-0.57640207,-3.5257192
767,-2.613185,-1.0259262,-3.9290438
768,-2.992055,-0.5101707,-3.8621514
769,-2.7383676,-0.49800238,-3.5551543
770,-2.7664323,-0.49380612,-3.550683
771,-2.6042843,-0.93868136,-3.7812912
772,-2.8141546,-0.47492617,-3.6390529
773,-2.6551638,-0.7090836,-3.6215334
774,-2.6684384,-0.52148694,-3.6279168
775,-2.7079382,-0.45585272,-3.5525796
776,-2.6780543,-0.6191554,-3.5644004
777,-2.5957787,-0.5237694,-3.407083
778,-2.694777,-0.31273687,-3.3309069
779,-2.5135365,-0.32837296,-3.1796427
780,-2.5779572,-0.6524578,-3.4752324
781,-2.5866513,-0.58179766,-3.3951285
782,-2.607179,-0.6693586,-3.5600004
783,-2.5196128,-0.5981269,-3.4562495
784,-2.4535441,-0.6985932,-3.5178728
785,-2.5493977,-0.40647605,-3.2665858
786,-2.5030527,-1.0180769,-3.7903004
787,-2.5887165,-0.712173,-3.5412736
788,-2.5735707,-0.85791147,-3.6582203
789,-2.95153,-0.3713128,-3.7222955
790,-2.8818693,-0.47794354,-3.6141424
791,-2.6980357,-0.42869103,-3.4425344
792,-2.6226041,-1.1849709,-4.016446
793,-2.6941614,-0.45964527,-3.4959447
794,-2.9177074,-0.70841527,-3.915269
795,-3.084549,-0.6521345,-4.0423875
796,-2.7008939,-0.9433111,-3.8708756
797,-2.6598659,-0.7947521,-3.8054824
798,-2.6154962,-1.0932114,-4.1054344
799,-2.4762952,-0.7095391,-3.57522
800,-2.7849736,-0.5158319,-3.6436596
801,-2.5526023,-0.42293286,-3.2580552
802,-2.8934717,-0.3643909,-3.605167
803,-2.6178021,-0.5089952,-3.4536176
804,-2.771783,-0.08652884,-3.2517343
805,-2.607246,-0.58803916,-3.5022216
806,-2.5438142,-0.6262982,-3.4418297
807,-2.877539,-0.25669312,-3.4549637
808,-2.5732226,-0.7339589,-3.5912044
809,-2.5375824,-1.1083064,-3.940714
810,-2.75431,-0.6168713,-3.688521
811,-2.5804477,-1.0372121,-3.933997
812,-3.0379777,0.061072007,-3.4380813
813,-2.914246,-0.8739055,-4.058449
814,-3.033308,-0.5703721,-3.9741879
815,-3.1254654,-0.51070654,-3.9622822
816,-2.9127998,-0.6015588,-3.8162494
817,-2.1635067,-1.2201587,-3.6557026
818,-2.7814999,-0.6693965,-3.7199674
819,-3.0298705,-0.15219957,-3.5555687
820,-2.5870504,-0.6980971,-3.6567
821,-2.5592678,-0.81467986,-3.6590266
822,-2.8220673,-0.4991766,-3.6506605
823,-2.7389493,-0.46354854,-3.4523273
824,-2.7008061,-0.7779077,-3.9023829
825,-2.974814,-0.68217635,-3.9155214
826,-2.824779,-0.7079032,-3.7343683
827,-2.9388728,-0.4866056,-3.647811
828,-2.8816466,-0.8956326,-3.995874
829,-2.5893717,-0.7105503,-3.7051787
830,-2.7339988,-0.9942409,-4.0332804
831,-2.9065657,-0.9072919,-4.065681
832,-2.8176541,-0.7617047,-3.7914128
833,-2.8142676,-0.6502855,-3.843233
834,-2.8194652,-0.77053195,-3.7883463
835,-2.8315992,-0.7037804,-3.8058457
836,-2.5787873,-0.8224367,-3.6685038
837,-2.7322438,-0.81842864,-3.8677554
838,-2.4185143,-0.7336805,-3.517099
839,-2.5992289,-0.92999405,-3.8725467
840,-2.8983617,-0.5063816,-3.644476
841,-2.8013287,-0.44560087,-3.6785908
842,-2.764243,-0.92599523,-3.949574
843,-2.7049255,-0.6641463,-3.720989
844,-2.9253006,-0.79813564,-3.9751563
845,-2.6584172,-1.0626824,-4.0352
846,-2.7998056,-0.339903,-3.4858446
847,-2.7268953,-0.67261434,-3.819087
848,-2.799007,-0.60165393,-3.8558872
849,-3.1605313,-0.2793659,-3.818925
850,-2.7224364,-0.7861544,-3.7919974
851,-2.8070967,-0.7377094,-3.8708398
852,-2.7344582,-0.6045507,-3.611485
853,-2.6813443,-0.47479755,-3.4746273
854,-2.8466616,-0.8033717,-3.9401174
855,-3.1355848,-0.25629756,-3.6848319
856,-2.7736259,-0.39676815,-3.6899219
857,-2.7369483,-0.6461935,-3.753656
858,-2.536667,-0.67329246,-3.578618
859,-2.9512882,-0.7411587,-3.9490783
860,-2.8096552,-0.948277,-4.0772295
861,-2.7287655,-0.63905287,-3.6412234
862,-2.6293252,-0.5410966,-3.5546093
863,-2.7307625,-0.6804375,-3.9314458
864,-3.10152,-0.82454294,-4.240792
865,-3.0428867,-0.60901845,-3.99781
866,-2.544632,-1.034791,-4.005195
867,-2.7608328,-0.357399,-3.548499
868,-2.8422081,-0.568128,-3.7955036
869,-2.766715,-0.6954332,-3.8398635
870,-2.6477776,-0.8987924,-3.8035245
871,-2.6962304,-0.8599038,-3.8526454
872,-2.6786273,-1.0279694,-3.973674
873,-2.6303058,-0.9113983,-3.838554
874,-2.617328,-0.554785,-3.5580058
875,-2.6751385,-0.7737695,-3.7205517
876,-2.6834502,-0.45098844,-3.522952
877,-2.7042007,-0.44367224,-3.6292505
878,-2.9684331,-0.4628135,-3.738616
879,-2.7560053,-0.95106244,-4.000885
880,-2.9043252,-0.67501915,-3.9638214
881,-2.786149,-0.93004847,-3.9989762
882,-2.7773962,-0.46694317,-3.57472
883,-2.693359,-0.69634306,-3.6953237
884,-2.881925,-0.7152593,-3.8091373
885,-2.94083,-0.607355,-3.8509946
886,-3.046524,-0.6073731,-3.9685829
887,-2.9790998,-0.8266989,-4.0341654
888,-2.630549,-0.63526297,-3.5986447
889,-2.7135148,-0.83116317,-3.9262505
890,-2.8741837,-0.5918119,-3.796553
891,-3.0171862,-0.6108446,-3.9709244
892,-2.5926137,-0.59868723,-3.4851117
893,-2.5515537,-0.7371188,-3.6311507
894,-2.477553,-0.9810893,-3.6998
895,-2.710095,-0.70303625,-3.651464
896,-2.6320157,-0.519076,-3.5457501
897,-2.591899,-0.47734606,-3.6405463
898,-3.0034842,-0.43798035,-3.7404957
899,-2.8797476,-0.62661016,-3.7854939
900,-2.9792495,-0.49350652,-3.9146433
901,-2.6540575,-0.5072498,-3.5916188
902,-2.5947213,-0.92667085,-3.7889454
903,-2.8115568,-0.37439504,-3.4522662
904,-2.8197565,-0.37291318,-3.5509388
905,-2.5158005,-0.9137459,-3.7132714
906,-2.782897,-0.39653915,-3.5950124
907,-2.7122192,-0.24238671,-3.5050728
908,-2.7184296,-0.8208128,-3.7870197
909,-2.6027243,-0.81545156,-3.7435598
910,-2.7514672,-0.47070342,-3.594573
911,-2.5987246,-0.7384578,-3.595767
912,-2.9633527,-0.50139093,-3.770424
913,-2.617484,-0.9027245,-3.8009756
914,-2.5945554,-0.8147857,-3.7149508
915,-2.4182343,-1.0108628,-3.7184362
916,-2.9389083,-0.29443836,-3.5710256
917,-2.8100486,-0.6871954,-3.8095694
918,-2.7304566,-0.76050466,-3.7119782
919,-2.7052186,-0.5780772,-3.59577
920,-2.8056679,-0.58240473,-3.7453232
921,-2.592959,-0.47735143,-3.3858957
922,-2.7861497,-0.8227965,-3.866487
923,-2.6422625,-0.77586126,-3.756775
924,-2.6035469,-0.65074116,-3.551057
925,-2.641265,-0.45930022,-3.4691741
926,-2.5900402,-0.6818258,-3.6561375
927,-2.9502172,-0.51639307,-3.830944
928,-2.9278867,-0.2865337,-3.5898855
929,-2.6891441,-0.84319305,-3.7510548
930,-2.7632787,-0.7203995,-3.8382878
931,-2.8097148,-0.67365485,-3.8361332
932,-2.8138437,-0.87667805,-3.916404
933,-2.7895048,-0.8115411,-3.9012892
934,-2.7386975,-0.5231512,-3.589959
935,-2.6015618,-0.79049826,-3.7587056
936,-2.8655355,-0.38553816,-3.7064106
937,-2.8789256,-0.4987681,-3.6925159
938,-2.68968,-0.6156814,-3.5184546
939,-2.5082378,-0.7560208,-3.620832
940,-2.7290635,-0.74284446,-3.9282227
941,-2.660285,-0.58819795,-3.5510807
942,-2.7514882,-0.72320193,-3.7715201
943,-2.7613194,-0.7664306,-3.828477
944,-2.8921654,-0.82457054,-4.0162873
945,-3.0960107,-0.30959293,-3.6934562
946,-2.7642932,-0.75931686,-3.8091855
947,-2.8267436,-0.45439675,-3.522369
948,-2.6519933,-0.5015824,-3.4440522
949,-2.6764135,-0.48114628,-3.5674012
950,-2.853391,-0.6195843,-3.7753344
951,-2.8186646,-0.9023808,-3.9174404
952,-2.6401944,-0.51209927,-3.6158643
953,-2.9240737,-0.41721278,-3.6829143
954,-2.8544397,-0.42033553,-3.6696656
955,-2.729721,-0.65960443,-3.7939801
956,-2.6854105,-0.775716,-3.7587361
957,-2.541565,-1.006474,-3.8742347
958,-2.5815182,-0.9748948,-3.7807295
959,-2.774043,-0.79524386,-4.0483522
960,-2.7890515,-0.57820094,-3.5874138
961,-2.961073,-0.3806281,-3.619766
962,-2.7751694,-0.96916187,-4.0510798
963,-2.6982512,-0.94343305,-3.8773582
964,-2.539084,-0.7625079,-3.7178013
965,-2.5700479,-0.6119813,-3.5127926
966,-2.6437788,-0.83616376,-3.7583752
967,-2.8218594,-0.6044453,-3.764584
968,-3.0898914,-0.46841002,-3.9537277
969,-2.8029008,-0.43495828,-3.5800447
970,-2.8318458,-0.6853082,-3.811997
971,-2.8498673,-0.38819388,-3.7105722
972,-2.7803483,-0.6498946,-3.680194
973,-2.8404713,-0.86922944,-3.9647439
974,-3.0964851,-0.48065192,-3.8864088
975,-2.9122813,-0.65853745,-3.7513819
976,-2.8920043,-0.29234135,-3.5216014
977,-2.6321363,-0.89813936,-3.845151
978,-2.6177316,-0.701154,-3.6966696
979,-2.5359674,-0.49296755,-3.194921
980,-2.569744,-0.8013378,-3.6242425
981,-2.7526922,-0.45833087,-3.6340754
982,-2.4578667,-0.8880545,-3.5820084
983,-2.8815618,-0.57897735,-3.7268827
984,-2.760632,-0.5050867,-3.4850447
985,-2.7875152,-0.6050912,-3.6026564
986,-2.6261442,-0.7305064,-3.638927
987,-2.5892031,-0.8419701,-3.7706206
988,-2.630554,-0.61326665,-3.56991
989,-2.4517598,-0.54317194,-3.345584
990,-2.5403986,-0.8620351,-3.837419
991,-2.828684,-0.29882932,-3.6037924
992,-3.2044673,-0.1094431,-3.6762
993,-2.9183993,-0.2736564,-3.4683862
994,-2.5980744,-0.86000204,-3.7664113
995,-2.5914087,-0.46014702,-3.2839308
996,-2.8564115,-0.5866231,-3.8778389
997,-2.691677,-0.62032425,-3.7683015
998,-2.615853,-0.9629169,-3.8215356
999,-2.7929173,-0.6357583,-3.7602732
